8 25 1 6 23 2 6 20 3 4 18 4 
42 3 3 39 3 4 36 3 5 34 1 6 
10 1 1 8 3 2 6 5 3 4 7 4 4 10 5 2 12 6 
42 30 2 42 27 3 42 24 4 42 21 5 42 18 6 42 15 7 42 12 8 42 10 9 42 7 10 40 5 11 39 3 12 
41 30 3 41 27 4 41 24 5 41 21 6 41 18 7 41 15 8 41 12 9 41 10 10 41 7 11 41 4 12 
2 17 11 2 14 12 2 11 13 
18 0 2 16 2 3 14 4 4 14 7 5 12 9 6 10 11 7 10 14 8 8 16 9 8 17 10 8 20 11 8 23 12 8 26 13 
42 3 15 
34 0 13 37 0 14 40 0 15 
15 1 5 15 4 6 15 7 7 15 10 8 13 12 9 11 14 10 11 17 11 9 19 12 9 20 13 9 23 14 9 26 15 
41 30 7 38 30 8 35 30 9 32 30 10 29 30 11 26 30 12 23 30 13 21 30 14 18 30 15 
15 27 6 18 27 7 21 27 8 24 27 9 27 27 10 30 27 11 33 27 12 34 28 13 37 28 14 40 28 15 
7 30 4 9 28 5 11 26 6 11 23 7 13 21 8 15 19 9 15 16 10 17 14 11 17 13 12 17 10 13 17 7 14 17 4 15 17 1 16 
8 28 3 10 26 4 12 24 5 14 22 6 16 20 7 18 18 8 20 16 9 20 13 10 21 13 11 23 11 12 25 9 13 27 7 14 29 5 15 31 3 16 
35 2 9 32 2 10 29 2 11 27 4 12 25 4 13 22 4 14 21 4 15 18 4 16 18 3 17 
16 27 14 13 27 15 10 27 16 7 27 17 
20 0 8 21 1 9 21 4 10 23 4 11 26 4 12 29 4 13 31 4 14 34 4 15 37 4 16 40 4 17 
16 1 4 18 3 5 20 5 6 22 7 7 24 9 8 26 11 9 28 13 10 30 15 11 32 17 12 34 19 13 36 21 14 38 23 15 38 26 16 40 28 17 
17 29 13 15 27 14 13 25 15 11 23 16 9 21 17 6 21 18 4 19 19 
9 30 10 9 27 11 9 24 12 9 21 13 9 18 14 9 15 15 11 13 16 11 11 17 11 8 18 13 6 19 13 3 20 15 1 21 
15 27 18 12 27 19 10 29 20 7 29 21 
19 0 15 21 2 16 21 3 17 22 4 18 25 4 19 26 4 20 29 4 21 31 3 22 
15 1 12 15 4 13 15 7 14 15 10 15 13 12 16 11 14 17 11 17 18 9 19 19 9 20 20 9 23 21 7 25 22 7 28 23 
9 27 13 9 24 14 11 22 15 11 19 16 13 17 17 15 15 18 15 12 19 17 10 20 17 9 21 17 6 22 17 3 23 
13 1 17 13 4 18 13 7 19 13 10 20 11 12 21 11 15 22 9 17 23 9 20 24 
16 1 15 16 4 16 16 7 17 16 10 18 16 13 19 16 16 20 16 19 21 16 21 22 16 24 23 16 27 24 18 29 25 
17 2 15 17 5 16 15 7 17 15 10 18 13 12 19 11 14 20 11 17 21 9 19 22 9 20 23 7 22 24 7 25 25 7 28 26 
42 18 21 42 15 22 42 12 23 42 9 24 42 6 25 40 4 26 
14 1 19 17 1 20 19 3 21 21 4 22 23 4 23 26 4 24 27 4 25 30 4 26 32 3 27 
19 0 17 17 2 18 15 4 19 15 7 20 13 9 21 11 11 22 11 14 23 9 16 24 9 17 25 9 20 26 9 23 27 9 26 28 
9 30 15 11 28 16 13 26 17 15 24 18 17 22 19 19 20 20 21 18 21 23 16 22 25 14 23 27 12 24 29 10 25 31 8 26 33 6 27 35 4 28 35 3 29 
20 2 18 18 4 19 16 6 20 14 8 21 12 10 22 10 12 23 10 15 24 8 17 25 8 18 26 8 21 27 8 24 28 8 27 29 
7 26 19 7 23 20 9 21 21 9 18 22 11 16 23 13 14 24 13 11 25 15 9 26 15 8 27 15 5 28 17 3 29 
20 2 21 18 4 22 16 6 23 14 8 24 12 10 25 10 12 26 10 15 27 8 17 28 8 18 29 8 21 30 
3 10 23 6 10 24 8 8 25 11 8 26 13 6 27 16 6 28 19 6 29 19 3 30 
16 2 16 16 5 17 18 7 18 20 9 19 22 11 20 24 13 21 26 15 22 29 15 23 30 16 24 32 18 25 34 20 26 36 22 27 38 24 28 38 27 29 40 29 30 
9 30 19 9 27 20 9 24 21 9 21 22 11 19 23 13 17 24 13 14 25 15 12 26 15 11 27 15 8 28 17 6 29 17 3 30 
41 28 22 38 28 23 35 28 24 32 28 25 29 28 26 26 28 27 23 28 28 21 28 29 18 28 30 
20 0 25 21 1 26 21 4 27 23 4 28 25 4 29 28 4 30 31 4 31 33 3 32 
31 0 29 34 0 30 37 0 31 39 2 32 
7 30 20 9 28 21 11 26 22 11 23 23 13 21 24 15 19 25 15 16 26 17 14 27 17 13 28 17 10 29 17 7 30 17 4 31 17 1 32 
9 26 22 9 23 23 11 21 24 11 18 25 13 16 26 13 13 27 15 11 28 15 8 29 16 8 30 16 5 31 16 3 32 
19 1 26 21 3 27 22 4 28 24 6 29 25 5 30 28 5 31 30 3 32 31 3 33 
19 1 24 21 3 25 22 4 26 25 4 27 26 4 28 29 4 29 32 4 30 34 4 31 37 4 32 40 4 33 
12 2 24 15 2 25 18 2 26 20 4 27 21 4 28 23 4 29 26 4 30 27 4 31 29 2 32 32 2 33 
17 27 33 15 29 34 
39 3 25 39 6 26 39 9 27 39 12 28 39 15 29 39 18 30 39 21 31 41 22 32 41 25 33 41 28 34 
14 2 21 16 4 22 18 6 23 20 8 24 22 10 25 24 12 26 24 15 27 26 17 28 26 18 29 28 20 30 30 22 31 32 24 32 34 26 33 37 26 34 39 28 35 42 28 36 
39 1 32 39 4 33 39 7 34 39 10 35 40 11 36 
16 0 25 16 3 26 14 5 27 14 8 28 12 10 29 10 12 30 10 15 31 8 17 32 8 18 33 8 21 34 8 24 35 7 26 36 
20 0 30 21 1 31 21 4 32 23 4 33 26 4 34 29 4 35 31 4 36 31 2 37 
42 4 28 39 4 29 36 4 30 33 4 31 30 4 32 27 4 33 24 4 34 23 4 35 22 3 36 20 2 37 
18 1 28 18 4 29 16 6 30 16 9 31 14 11 32 12 13 33 12 16 34 10 18 35 10 19 36 8 21 37 
0 2 32 0 5 33 0 8 34 0 11 35 0 14 36 0 17 37 
7 29 27 7 26 28 7 23 29 7 20 30 9 18 31 11 16 32 11 13 33 13 11 34 13 10 35 13 7 36 13 4 37 13 1 38 
20 1 27 18 3 28 16 5 29 15 7 30 13 9 31 11 11 32 11 14 33 9 16 34 9 17 35 7 19 36 7 22 37 7 25 38 7 28 39 
34 1 32 31 1 33 29 3 34 26 3 35 26 4 36 24 4 37 21 4 38 19 2 39 
9 29 28 11 27 29 11 24 30 11 21 31 13 19 32 13 16 33 15 14 34 15 11 35 16 11 36 16 8 37 16 5 38 16 2 39 
15 1 32 18 1 33 20 3 34 21 4 35 23 4 36 26 4 37 29 4 38 31 2 39 
7 25 27 7 22 28 9 20 29 11 18 30 13 16 31 15 14 32 17 12 33 20 12 34 21 11 35 23 9 36 25 7 37 28 7 38 30 5 39 32 3 40 
7 29 29 7 26 30 9 24 31 9 21 32 11 19 33 13 17 34 13 14 35 15 12 36 15 11 37 17 9 38 17 6 39 17 3 40 
9 26 32 9 23 33 9 20 34 8 18 35 8 15 36 6 13 37 6 10 38 4 8 39 4 7 40 4 4 41 
19 0 32 21 2 33 21 3 34 22 4 35 25 4 36 28 4 37 31 4 38 33 4 39 35 2 40 38 2 41 
40 28 28 38 26 29 36 24 30 34 22 31 32 20 32 30 18 33 28 16 34 25 16 35 25 15 36 23 13 37 21 11 38 19 9 39 19 6 40 17 4 41 17 3 42 
16 1 33 18 3 34 21 3 35 21 4 36 23 4 37 24 4 38 26 4 39 28 2 40 29 2 41 31 2 42 
13 1 27 15 3 28 17 5 29 18 7 30 20 9 31 22 11 32 24 13 33 26 15 34 27 15 35 29 17 36 31 19 37 33 21 38 35 23 39 37 25 40 39 27 41 41 28 42 
42 28 29 40 26 30 38 24 31 36 22 32 34 20 33 32 18 34 32 15 35 30 13 36 30 12 37 28 10 38 26 8 39 24 6 40 21 6 41 19 4 42 17 2 43 
31 2 35 28 2 36 27 4 37 25 4 38 22 4 39 21 4 40 19 2 41 16 2 42 15 1 43 
9 30 31 9 27 32 9 24 33 11 22 34 13 20 35 13 17 36 15 15 37 15 12 38 16 12 39 16 9 40 16 6 41 17 4 42 18 2 43 
20 2 34 18 4 35 16 6 36 13 6 37 11 8 38 9 10 39 6 10 40 4 12 41 3 12 42 0 12 43 
7 25 33 7 22 34 9 20 35 9 17 36 11 15 37 13 13 38 15 11 39 15 8 40 15 7 41 15 4 42 16 2 43 
9 28 32 12 28 33 15 28 34 18 28 35 21 28 36 24 28 37 27 28 38 29 28 39 32 28 40 35 28 41 38 28 42 41 28 43 
0 18 34 2 16 35 4 14 36 6 12 37 8 10 38 10 8 39 12 6 40 12 3 41 13 3 42 16 3 43 
19 1 35 20 3 36 22 4 37 24 5 38 27 5 39 28 4 40 31 4 41 34 4 42 37 4 43 39 3 44 
18 28 33 18 25 34 20 23 35 20 20 36 22 18 37 24 16 38 24 13 39 26 11 40 26 10 41 26 7 42 26 4 43 26 1 44 
9 25 34 9 22 35 9 19 36 11 17 37 13 15 38 13 12 39 15 10 40 17 8 41 16 7 42 16 5 43 16 2 44 
8 27 36 8 24 37 8 21 38 8 18 39 8 15 40 6 13 41 6 10 42 4 8 43 4 5 44 4 2 45 
15 0 34 15 3 35 15 6 36 15 9 37 13 11 38 11 13 39 11 16 40 9 18 41 9 19 42 9 22 43 9 25 44 9 28 45 
17 0 34 17 3 35 15 5 36 15 8 37 13 10 38 11 12 39 11 15 40 9 17 41 9 18 42 9 21 43 9 24 44 8 26 45 
18 1 37 18 4 38 16 6 39 14 8 40 14 11 41 12 13 42 12 16 43 10 18 44 10 19 45 8 21 46 
20 0 38 20 2 39 22 4 40 23 4 41 24 4 42 25 4 43 28 4 44 29 4 45 31 2 46 
8 20 39 8 17 40 10 15 41 10 12 42 12 10 43 12 7 44 14 5 45 16 3 46 
7 30 35 9 28 36 9 25 37 11 23 38 13 21 39 13 18 40 15 16 41 15 13 42 16 13 43 16 10 44 16 7 45 16 4 46 18 2 47 
41 27 29 39 25 30 37 23 31 35 21 32 33 19 33 31 17 34 28 17 35 26 15 36 25 15 37 23 13 38 21 11 39 19 9 40 17 7 41 14 7 42 12 5 43 9 5 44 9 4 45 6 4 46 3 4 47 
42 26 35 40 24 36 38 22 37 36 20 38 34 18 39 32 16 40 32 13 41 30 11 42 30 10 43 28 8 44 26 6 45 24 4 46 21 4 47 19 2 48 
17 27 35 19 25 36 21 23 37 23 21 38 25 19 39 27 17 40 29 15 41 32 15 42 32 14 43 34 12 44 36 10 45 38 8 46 40 6 47 42 4 48 
8 29 38 8 26 39 8 23 40 10 21 41 12 19 42 14 17 43 14 14 44 16 12 45 16 11 46 16 8 47 16 5 48 18 3 49 
1 17 33 3 15 34 5 13 35 7 11 36 9 9 37 11 7 38 13 5 39 16 5 40 16 4 41 17 5 42 19 4 43 22 4 44 23 4 45 25 4 46 28 4 47 29 4 48 31 2 49 
39 4 39 36 4 40 33 4 41 30 4 42 27 4 43 25 4 44 24 4 45 22 4 46 20 2 47 18 0 48 15 0 49 
15 2 40 13 4 41 13 7 42 13 10 43 13 13 44 11 15 45 11 18 46 9 20 47 9 21 48 9 24 49 9 27 50 
15 0 40 15 3 41 14 5 42 14 8 43 14 11 44 12 13 45 10 15 46 10 18 47 9 19 48 9 22 49 9 25 50 7 27 51 
7 28 41 7 25 42 7 22 43 7 19 44 7 16 45 7 13 46 7 10 47 7 8 48 7 5 49 9 3 50 9 0 51 
18 30 43 21 30 44 24 30 45 27 30 46 30 30 47 33 30 48 36 30 49 38 30 50 40 30 51 
40 15 47 40 18 48 40 21 49 40 24 50 40 27 51 40 30 52 
8 26 38 10 24 39 12 22 40 14 20 41 16 18 42 18 16 43 20 14 44 22 12 45 24 10 46 26 8 47 28 6 48 31 6 49 33 4 50 36 4 51 36 3 52 
42 1 40 39 1 41 36 1 42 33 1 43 30 1 44 28 3 45 26 4 46 25 4 47 23 4 48 21 2 49 20 2 50 17 2 51 14 2 52 
39 5 38 36 5 39 33 5 40 30 5 41 28 7 42 25 7 43 23 9 44 21 11 45 20 11 46 17 11 47 14 11 48 11 11 49 8 11 50 5 11 51 2 11 52 
31 1 46 29 3 47 27 4 48 25 4 49 22 4 50 21 4 51 19 2 52 
